spawns:
  default:
    world: 37bd7de3-453b-4a7e-a2ac-a38127258ab0
    world-name: world
    x: -389.016268887978
    y: 65.0
    z: 163.22575124313803
    yaw: 135.188720703125
    pitch: 41.96379852294922
