spawns:
  default:
    world: 455c86ed-c4e7-4ba1-a15a-8b7e61e0c0fa
    world-name: world
    x: -77.80787142186723
    y: 69.0
    z: 198.738502259772
    yaw: 94.43536376953125
    pitch: 22.33463478088379
